1 1 4 0 1 3 6
1 2 5 0 1 3 4 8
1 3 4 0 1 4 7
1 4 4 0 6 7 8
1 5 5 0 4 5 6 7
1 6 5 0 4 6 7 8
1 7 5 1 4 6 7 8
1 8 4 0 1 4 8
2 1 4 0 2 6 8
2 2 2 1 8
2 3 3 1 2 8
2 4 4 2 6 7 8
2 5 3 0 7 8
2 6 3 0 4 8
2 7 6 0 3 4 6 7 8
2 8 5 1 4 6 7 8
3 1 5 0 1 4 6 8
3 2 4 0 4 5 8
3 3 5 0 2 4 7 8
3 4 3 4 7 8
3 5 4 2 4 7 8
3 6 3 1 7 8
3 7 3 0 6 7
4 1 3 0 7 8
4 2 2 0 2
4 3 3 4 6 8
4 4 3 1 6 8
4 5 3 0 4 6
4 6 3 0 7 8
4 7 4 0 4 6 8
4 8 4 0 1 4 6
4 9 2 0 7
4 10 3 2 3 6
4 11 3 0 7 8
4 12 1 4
4 13 2 0 8
4 14 3 1 6 8
5 1 4 0 4 6 8
5 2 6 0 2 4 6 7 8
5 3 3 0 2 7
5 4 4 0 4 6 8
5 5 3 0 4 8
5 6 3 0 6 8
5 7 4 0 3 4 6
5 8 5 0 1 3 4 8
5 9 3 0 4 8
5 10 4 0 6 7 8
5 11 4 0 4 5 8
5 12 2 4 6
5 13 4 2 4 6 8
6 1 1 6
6 2 3 0 4 6
6 3 2 0 6
6 4 1 8
6 5 1 7
6 6 2 3 4
6 7 1 0
6 8 2 3 8
7 1 2 6 7
7 2 1 7
7 3 2 4 8
8 1 3 3 4 8
8 2 2 6 8
8 3 1 4
8 4 3 0 4 7
8 5 2 2 8
8 6 4 0 1 4 8
8 7 3 0 6 8
8 8 3 4 6 7
8 9 4 0 6 7 8
8 10 2 4 8
9 1 2 4 8
9 2 3 0 6 8
9 3 2 1 8
9 4 2 4 8
9 5 2 4 7
9 6 2 2 4
9 7 2 0 4
9 8 2 4 7
9 9 1 0
9 10 2 4 8
9 11 2 0 4
10 1 2 0 3
10 2 2 6 8
10 3 3 0 4 8
10 4 3 0 4 8
10 5 4 1 4 7 8
10 6 3 0 7 8
10 7 3 0 7 8
10 8 3 0 4 8
10 9 5 0 2 4 6 8
10 10 3 0 4 7
11 1 4 0 3 6 7
11 2 3 0 1 4
11 3 3 0 7 8
11 4 2 0 4
11 5 4 0 4 7 8
11 6 4 0 1 6 7
11 7 2 4 6
11 8 4 1 4 7 8
11 9 4 0 3 4 8
11 10 1 6
11 11 2 0 6
11 12 3 4 6 7
12 1 5 0 1 4 6 7
12 2 5 3 4 6 7 8
12 3 2 2 4
12 4 4 0 4 7 8
12 5 5 0 2 4 6 8
12 6 4 0 4 6 7
12 7 4 0 2 4 8
12 8 2 1 7
12 9 4 0 4 6 8
12 10 5 1 2 4 6 8
12 11 5 2 4 6 7 8
12 12 4 0 1 4 8
12 13 4 0 3 4 6
12 14 5 1 2 4 7 8
13 1 1 8
13 2 1 7
13 3 1 8
13 4 3 0 7 8
13 5 1 0
13 6 2 3 7
13 7 1 8
13 8 1 1
14 1 1 0
14 2 2 1 4
14 3 1 4
14 4 1 0
14 5 1 4
14 6 2 4 7
14 7 2 4 6
14 8 1 4
15 1 5 0 4 6 7 8
15 2 6 0 1 2 4 7 8
15 3 4 0 1 6 8
15 4 5 0 4 6 7 8
15 5 4 0 4 6 8
15 6 3 0 7 8
15 7 5 0 2 4 6 8
15 8 5 0 3 4 7 8
15 9 4 0 4 7 8
15 10 5 0 1 4 7 8
16 1 4 0 4 7 8
16 2 2 0 7
16 3 3 0 2 3
16 4 3 0 6 8
16 5 4 0 4 7 8
16 6 3 2 6 8
16 7 2 4 8
16 8 2 4 6
16 9 4 0 4 6 8
16 10 2 2 4
16 11 3 4 7 8
16 12 2 4 7
16 13 3 4 7 8
17 1 2 0 6
17 2 5 0 1 4 6 8
17 3 4 0 1 4 7
17 4 5 0 1 4 7 8
17 5 3 0 4 6
17 6 4 0 1 4 8
17 7 5 0 4 6 7 8
17 8 4 0 4 6 7
17 9 2 7 8
17 10 3 2 4 8
17 11 5 0 3 4 6 7
18 1 2 4 7
18 2 1 7
18 3 1 1
18 4 1 6
18 5 2 0 4
19 1 2 4 8
19 2 3 0 2 7
19 3 2 7 8
19 4 2 4 8
19 5 2 0 4
19 6 2 1 4
19 7 2 7 8
19 8 1 7
19 9 1 0
20 1 3 4 6 8
20 2 2 3 8
20 3 3 4 6 8
20 4 3 0 4 6
20 5 3 0 7 8
20 6 3 0 7 8
20 7 2 2 6
20 8 3 4 5 6
20 9 3 0 6 8
21 1 1 4
21 2 1 0
21 3 2 2 6
22 1 2 0 6
22 2 2 4 6
22 3 2 0 6
22 4 2 4 8
22 5 1 1
22 6 2 4 6
22 7 2 0 7
22 8 1 0
22 9 2 0 4
22 10 1 7
22 11 2 0 4
22 12 1 7
22 13 3 0 4 8
23 1 2 4 7
23 2 2 6 7
23 3 1 8
23 4 1 0
23 5 1 4
23 6 1 3
23 7 1 8
23 8 2 4 8
23 9 1 4
23 10 1 0
23 11 1 8
23 12 2 0 4
24 1 4 0 4 6 8
24 2 4 1 4 6 8
24 3 1 8
24 4 1 4
24 5 2 4 8
24 6 3 2 4 8
24 7 5 0 1 4 6 8
24 8 3 4 7 8
24 9 3 0 7 8
24 10 1 0
24 11 3 3 6 7
25 1 3 0 7 8
25 2 3 0 4 8
25 3 1 0
25 4 3 6 7 8
25 5 2 6 7
25 6 2 6 8
25 7 2 4 8
26 1 5 1 2 4 6 7
26 2 4 4 6 7 8
26 3 3 4 7 8
26 4 3 0 4 7
26 5 3 1 4 5
26 6 4 0 2 4 7
26 7 4 0 6 7 8
27 1 1 6
27 2 3 0 1 4
27 3 1 4
27 4 1 4
27 5 2 0 2
27 6 2 6 8
27 7 1 8
27 8 2 4 7
28 1 1 0
28 2 1 4
28 3 1 1
28 4 1 8
28 5 1 6
28 6 2 0 4
29 1 1 4
29 2 1 8
29 3 2 0 6
29 4 1 2
29 5 2 4 8
30 1 1 0
30 2 1 4
30 3 1 4
31 1 2 1 4
31 2 2 4 8
31 3 1 8
31 4 1 7
31 5 3 0 6 8
31 6 3 4 7 8
31 7 1 4
31 8 3 4 7 8
31 9 3 2 7 8
31 10 3 3 6 8
31 11 3 4 7 8
31 12 3 0 4 7
31 13 3 4 6 8
31 14 4 1 4 7 8
31 15 1 4
31 16 4 0 6 7 8
32 1 4 0 4 7 8
32 2 3 4 6 8
32 3 3 0 7 8
32 4 2 0 7
32 5 3 2 3 8
32 6 4 1 3 4 8
32 7 3 4 7 8
32 8 6 0 1 3 6 7 8
33 1 4 0 4 6 7
33 2 5 0 1 4 7 8
33 3 2 4 7
33 4 2 0 7
33 5 2 6 8
33 6 3 2 7 8
34 1 5 0 1 4 6 8
34 2 4 0 2 4 8
34 3 4 0 4 6 8
34 4 4 0 4 7 8
34 5 4 0 4 7 8
34 6 4 0 4 6 7
34 7 4 0 4 7 8
34 8 4 4 6 7 8
34 9 2 0 4
34 10 4 0 4 6 8
35 1 3 1 4 6
35 2 4 4 6 7 8
35 3 4 0 3 4 8
35 4 2 4 6
35 5 3 4 7 8
35 6 3 0 4 7
35 7 4 0 6 7 8
36 1 4 0 4 6 7
36 2 3 4 6 8
36 3 5 2 4 6 7 8
36 4 3 6 7 8
36 5 3 4 5 7
36 6 3 4 6 8
36 7 2 0 8
36 8 2 4 8
37 1 2 2 7
37 2 2 3 4
37 3 3 4 7 8
37 4 1 4
37 5 1 8
37 6 1 4
37 7 1 6
37 8 1 4
37 9 2 0 4
38 1 2 4 6
38 2 1 6
39 1 2 4 8
39 2 4 0 4 6 7
39 3 2 4 8
39 4 2 2 8
39 5 3 0 6 8
39 6 3 4 6 8
39 7 2 4 6
39 8 2 0 4
39 9 2 0 4
39 10 2 2 8
40 1 1 0
40 2 2 0 4
40 3 1 8
40 4 1 0
40 5 1 8
41 1 1 0
41 2 2 1 8
41 3 2 0 4
41 4 1 8
41 5 1 4
41 6 2 0 8
41 7 1 7
41 8 2 0 4
41 9 1 6
41 10 1 8
41 11 1 4
41 12 1 4
42 1 2 4 8
42 2 2 1 4
42 3 1 4
42 4 2 7 8
42 5 2 1 7
43 1 3 0 4 6
43 2 3 1 7 8
43 3 5 0 3 4 6 7
43 4 4 0 3 7 8
43 5 1 4
43 6 2 6 7
43 7 4 0 4 7 8
43 8 4 0 1 4 8
43 9 3 0 2 8
43 10 3 4 7 8
43 11 3 0 1 8
43 12 1 8
43 13 3 0 4 8
43 14 3 0 4 8
43 15 3 2 5 6
43 16 3 0 1 6
44 1 2 6 8
44 2 4 0 2 6 8
44 3 1 4
44 4 3 4 6 8
44 5 4 0 2 4 8
44 6 3 0 6 8
44 7 2 7 8
44 8 4 0 1 4 8
44 9 2 4 7
44 10 2 4 8
45 1 3 0 4 8
45 2 2 4 6
45 3 4 0 6 7 8
45 4 4 0 4 6 8
45 5 5 0 4 6 7 8
45 6 3 0 6 8
45 7 4 0 2 4 7
45 8 3 0 4 6
45 9 3 0 4 8
46 1 3 4 7 8
46 2 2 0 8
46 3 4 1 4 6 8
46 4 2 0 6
46 5 1 4
46 6 3 1 4 6
46 7 3 0 1 4
46 8 2 4 8
46 9 2 0 7
46 10 4 4 6 7 8
46 11 3 6 7 8
46 12 3 0 4 7
47 1 3 4 6 8
47 2 2 0 7
47 3 1 8
47 4 3 0 7 8
47 5 2 0 7
47 6 3 4 6 8
47 7 1 7
47 8 2 6 7
47 9 1 2
48 1 4 0 4 6 8
48 2 3 0 4 6
48 3 2 0 4
48 4 1 8
48 5 3 4 7 8
48 6 2 1 8
48 7 3 0 4 8
48 8 4 0 4 6 8
48 9 3 0 6 8
48 10 3 1 6 8
48 11 3 6 7 8
48 12 1 6
48 13 2 0 4
48 14 4 0 3 7 8
48 15 2 6 7
49 1 3 1 4 7
49 2 4 0 4 7 8
49 3 1 8
49 4 3 0 1 8
49 5 2 4 8
49 6 2 0 8
49 7 3 4 6 8
49 8 3 0 3 7
49 9 1 8
49 10 1 6
49 11 1 8
49 12 2 7 8
49 13 3 0 4 7
50 1 3 0 4 8
50 2 3 0 4 7
50 3 5 1 2 4 6 8
50 4 5 0 4 6 7 8
50 5 5 0 1 3 6 8
50 6 3 0 4 6
50 7 5 1 2 4 6 7
50 8 4 0 4 6 7
50 9 4 0 1 4 6
50 10 4 4 6 7 8
51 1 2 4 6
51 2 2 0 8
51 3 1 7
51 4 2 0 4
51 5 2 0 7
51 6 1 0
51 7 1 0
51 8 3 0 4 8
51 9 2 0 8
51 10 1 8
51 11 1 4
51 12 1 4
51 13 1 4
52 1 1 8
52 2 2 1 8
52 3 1 7
52 4 1 8
53 1 2 4 7
53 2 2 0 4
53 3 1 0
53 4 2 0 4
53 5 1 4
54 1 3 2 6 7
54 2 3 0 4 6
54 3 1 8
54 4 2 4 7
54 5 3 0 4 8
54 6 1 4
54 7 2 0 6
54 8 1 7
54 9 4 0 4 7 8
54 10 2 4 7
55 1 2 0 4
55 2 4 0 4 7 8
55 3 4 1 4 6 8
55 4 3 0 7 8
55 5 1 4
55 6 4 0 1 7 8
56 1 1 8
56 2 1 8
56 3 2 2 7
56 4 2 6 7
57 1 5 0 4 6 7 8
57 2 4 0 4 7 8
57 3 4 0 4 6 8
57 4 3 2 6 8
57 5 4 4 6 7 8
57 6 4 0 4 7 8
57 7 3 0 4 8
57 8 3 0 4 8
57 9 4 0 4 6 7
57 10 6 0 1 4 6 7 8
57 11 4 0 4 7 8
57 12 4 0 1 4 6
57 13 3 3 4 7
57 14 5 0 1 6 7 8
58 1 4 3 4 6 8
58 2 4 0 4 7 8
58 3 4 0 3 4 8
58 4 4 0 4 7 8
58 5 4 0 2 6 8
58 6 3 0 1 2
58 7 4 1 3 4 8
58 8 4 4 6 7 8
58 9 4 1 4 6 7
58 10 3 0 4 8
58 11 4 0 1 7 8
59 1 5 0 1 2 6 8
59 2 6 0 3 4 6 7 8
59 3 4 0 1 7 8
59 4 4 3 4 6 8
59 5 6 0 1 2 4 7 8
59 6 6 0 2 4 6 7 8
59 7 7 0 1 2 4 6 7 8
59 8 5 0 4 6 7 8
60 1 4 0 4 7 8
60 2 3 0 4 8
60 3 4 2 4 7 8
60 4 5 0 1 6 7 8
60 5 3 3 4 8
60 6 3 0 7 8
61 1 2 1 7
61 2 1 8
61 3 2 1 7
61 4 2 0 1
61 5 2 4 7
61 6 2 3 7
61 7 2 0 8
61 8 2 4 8
61 9 1 4
61 10 4 0 4 7 8
62 1 3 0 4 8
62 2 3 0 7 8
62 3 3 0 1 4
62 4 4 0 4 7 8
62 5 3 0 4 6
62 6 2 0 8
62 7 3 4 7 8
62 8 2 0 8
62 9 3 0 4 6
62 10 2 0 1
62 11 3 4 7 8
62 12 4 1 6 7 8
62 13 2 4 7
62 14 4 0 1 4 8
63 1 4 0 4 6 8
63 2 4 0 4 6 7
63 3 5 0 4 6 7 8
63 4 4 0 2 4 8
63 5 4 0 4 6 8
63 6 4 0 2 4 7
63 7 4 0 4 6 8
63 8 4 0 1 4 7
63 9 4 1 4 6 7
63 10 3 0 4 8
63 11 4 0 4 6 8
63 12 4 0 3 6 8
63 13 5 0 4 6 7 8
63 14 2 1 8
63 15 4 0 4 6 8
64 1 3 1 4 8
64 2 3 0 4 8
64 3 3 2 4 6
64 4 5 0 2 4 7 8
64 5 2 7 8
64 6 3 0 3 4
64 7 4 0 1 4 8
64 8 3 0 3 6
64 9 3 0 4 8
64 10 5 0 4 6 7 8
64 11 2 3 4
64 12 5 0 2 4 6 8
64 13 2 4 7
64 14 2 0 7
64 15 3 0 7 8
64 16 2 0 4
64 17 4 0 4 7 8
65 1 1 6
65 2 2 0 6
65 3 2 4 6
65 4 2 0 7
65 5 1 8
66 1 2 6 8
66 2 2 0 8
66 3 2 0 6
66 4 1 7
66 5 2 4 7
66 6 2 7 8
66 7 1 0
66 8 1 8
66 9 3 0 6 8
66 10 1 4
66 11 4 1 4 7 8
66 12 2 6 8
66 13 2 0 4
66 14 2 0 4
66 15 1 4
67 1 1 3
67 2 3 1 4 8
67 3 2 0 4
67 4 2 1 7
68 1 1 8
68 2 2 0 8
68 3 1 4
68 4 2 0 8
68 5 4 0 4 7 8
68 6 4 2 4 6 8
68 7 1 7
68 8 1 6
68 9 2 0 4
69 1 3 4 6 7
69 2 3 0 3 7
69 3 3 2 6 8
69 4 3 0 4 8
69 5 4 3 4 6 8
69 6 3 0 4 8
70 1 2 4 8
70 2 1 0
70 3 1 8
70 4 3 0 4 8
70 5 2 4 7
70 6 2 4 7
70 7 1 0
70 8 1 2
71 1 4 0 4 7 8
71 2 3 0 6 7
71 3 3 3 7 8
71 4 2 2 4
71 5 3 4 6 7
71 6 4 0 1 4 7
71 7 2 0 4
71 8 5 0 1 4 7 8
71 9 6 0 3 4 6 7 8
71 10 1 8
71 11 4 0 6 7 8
72 1 2 0 4
72 2 2 6 8
72 3 3 0 4 6
72 4 1 6
72 5 2 0 4
72 6 2 0 3
72 7 3 4 6 8
72 8 2 0 7
72 9 1 7
72 10 2 7 8
72 11 4 3 4 6 8
73 1 1 4
73 2 1 0
73 3 2 0 6
73 4 1 8
73 5 1 4
74 1 3 0 4 8
74 2 3 0 6 8
74 3 4 0 2 4 8
74 4 5 0 3 4 7 8
74 5 3 0 4 8
74 6 3 4 6 8
74 7 4 0 4 6 8
74 8 3 4 7 8
74 9 5 0 1 3 7 8
75 1 2 0 8
75 2 3 0 7 8
75 3 3 3 7 8
75 4 1 8
75 5 4 0 4 7 8
75 6 2 4 8
75 7 2 0 8
75 8 4 0 3 4 6
75 9 3 0 4 7
75 10 3 0 4 8
75 11 3 4 6 7
75 12 2 0 7
76 1 4 0 3 7 8
76 2 4 4 6 7 8
76 3 4 3 4 7 8
76 4 2 0 1
76 5 4 0 1 4 8
76 6 2 4 6
76 7 4 2 4 6 7
76 8 5 1 4 6 7 8
77 1 3 0 6 7
77 2 2 1 8
77 3 3 1 4 8
77 4 4 0 1 4 8
77 5 2 6 7
77 6 2 4 7
77 7 3 0 4 7
77 8 4 0 6 7 8
77 9 3 0 4 7
77 10 3 0 4 8
77 11 4 0 4 7 8
77 12 3 0 4 6
77 13 4 0 4 6 8
78 1 3 0 7 8
78 2 1 4
78 3 1 4
78 4 2 6 8
78 5 1 6
78 6 1 8
79 1 3 4 5 7
79 2 2 2 6
79 3 2 0 7
79 4 1 3
79 5 2 0 6
79 6 2 4 8
79 7 2 0 7
79 8 2 4 6
79 9 1 4
79 10 1 8
79 11 4 0 4 6 7
80 1 1 8
80 2 1 8
80 3 1 0
80 4 1 8
80 5 1 7
80 6 1 0
80 7 2 0 8
80 8 1 8
80 9 1 0
81 1 2 0 4
81 2 2 7 8
81 3 3 0 4 7
81 4 1 2
81 5 2 4 8
81 6 3 0 7 8
81 7 2 0 8
81 8 2 0 1
81 9 3 4 7 8
81 10 4 4 6 7 8
81 11 3 4 6 8
81 12 3 0 4 8
81 13 2 1 4
81 14 2 0 2
82 1 4 0 6 7 8
82 2 2 4 7
82 3 4 3 4 6 8
82 4 1 7
83 1 2 3 8
84 1 2 0 4
84 2 4 0 4 7 8
84 3 2 0 6
84 4 3 1 4 8
84 5 3 0 3 7
84 6 2 0 8
84 7 2 4 7
85 1 3 0 7 8
85 2 2 4 8
85 3 3 4 7 8
85 4 2 0 4
85 5 2 4 7
85 6 4 2 4 7 8
85 7 4 0 6 7 8
85 8 3 0 3 4
86 1 1 8
86 2 2 0 4
86 3 3 0 7 8
86 4 3 0 7 8
86 5 3 1 4 8
86 6 1 7
86 7 3 0 6 8
87 1 2 0 4
87 2 1 7
87 3 2 0 8
87 4 2 0 4
87 5 2 4 6
87 6 2 0 8
87 7 2 0 7
87 8 2 4 6
87 9 2 4 7
88 1 2 4 8
88 2 3 4 7 8
88 3 3 0 6 7
88 4 4 0 4 6 8
88 5 3 0 3 4
88 6 3 0 4 6
88 7 3 0 3 4
88 8 3 4 6 8
88 9 1 4
88 10 6 0 1 2 4 7 8
88 11 3 4 6 7
88 12 1 4
89 1 2 0 1
89 2 2 0 8
89 3 3 0 4 8
89 4 4 0 2 6 8
89 5 4 4 6 7 8
89 6 3 4 6 8
89 7 3 0 2 4
89 8 2 0 7
89 9 2 0 4
89 10 4 0 4 6 8
89 11 3 0 4 6
89 12 3 2 6 7
90 1 4 0 1 4 6
90 2 4 0 4 7 8
90 3 4 4 6 7 8
90 4 3 4 6 7
90 5 5 0 4 5 6 8
90 6 4 0 3 6 8
90 7 5 0 1 4 7 8
90 8 3 1 6 7
90 9 4 0 4 5 6
91 1 3 0 7 8
91 2 2 4 8
91 3 2 4 6
91 4 1 0
91 5 2 4 8
91 6 1 4
91 7 1 4
91 8 2 3 8
92 1 2 0 4
92 2 4 0 4 6 8
92 3 3 0 4 7
92 4 1 0
92 5 1 7
92 6 3 4 7 8
92 7 5 0 4 6 7 8
92 8 3 1 6 8
92 9 3 0 4 7
92 10 4 0 1 7 8
92 11 2 4 8
93 1 2 7 8
93 2 2 0 8
93 3 2 6 8
93 4 2 4 6
93 5 1 7
93 6 2 0 6
93 7 1 8
93 8 2 4 6
94 1 2 0 4
94 2 1 7
94 3 2 0 3
94 4 2 7 8
94 5 2 4 8
94 6 2 0 8
94 7 2 4 8
94 8 2 3 4
95 1 2 7 8
95 2 1 7
95 3 2 4 8
95 4 1 8
95 5 2 4 7
95 6 2 0 8
95 7 2 0 7
95 8 1 4
95 9 2 4 7
95 10 1 0
96 1 1 8
96 2 2 7 8
96 3 2 0 8
96 4 2 0 7
96 5 2 0 7
96 6 1 8
96 7 2 1 8
97 1 3 4 7 8
97 2 2 0 4
97 3 2 6 8
97 4 2 0 4
97 5 2 0 6
98 1 2 1 8
98 2 2 4 6
98 3 1 7
98 4 1 2
98 5 2 3 8
98 6 1 0
98 7 2 4 8
98 8 2 1 8
98 9 2 4 7
98 10 2 0 4
98 11 2 0 1
99 1 2 4 6
99 2 2 4 8
99 3 2 0 3
99 4 3 3 4 7
99 5 3 3 7 8
99 6 2 4 7
99 7 2 4 8
99 8 2 4 8
99 9 2 0 7
99 10 2 0 8
100 1 1 4
100 2 2 1 8
100 3 2 3 4
100 4 3 0 4 6
100 5 2 4 6
100 6 1 6
100 7 2 0 7
100 8 2 2 8
100 9 3 5 7 8
100 10 2 7 8
